10 50
1 1
2 2
3 3
4 4
5 5
6 6
7 7
8 8
9 9
10 0
11 1
12 2
13 3
14 4
15 5
16 6
17 7
18 8
19 9
20 0
21 1
22 2
23 3
24 4
25 5
26 6
27 7
28 8
29 9
30 0
31 1
32 2
33 3
34 4
35 5
36 6
37 7
38 8
39 9
40 0
41 1
42 2
43 3
44 4
45 5
46 6
47 7
48 8
49 9
50 0
51 1
52 2
53 3
54 4
55 5
56 6
57 7
58 8
59 9
60 0
61 1
62 2
63 3
64 4
65 5
66 6
67 7
68 8
69 9
70 0
71 1
72 2
73 3
74 4
75 5
76 6
77 7
78 8
79 9
80 0
81 1
82 2
83 3
84 4
85 5
86 6
87 7
88 8
89 9
90 0
91 1
92 2
93 3
94 4
95 5
96 6
97 7
98 8
99 9
100 0
101 1
102 2
103 3
104 4
105 5
106 6
107 7
108 8
109 9
110 0
111 1
112 2
113 3
114 4
115 5
116 6
117 7
118 8
119 9
120 0
121 1
122 2
123 3
124 4
125 5
126 6
127 7
128 8
129 9
130 0
131 1
132 2
133 3
134 4
135 5
136 6
137 7
138 8
139 9
140 0
141 1
142 2
143 3
144 4
145 5
146 6
147 7
148 8
149 9
150 0
151 1
152 2
153 3
154 4
155 5
156 6
157 7
158 8
159 9
160 0
161 1
162 2
163 3
164 4
165 5
166 6
167 7
168 8
169 9
170 0
171 1
172 2
173 3
174 4
175 5
176 6
177 7
178 8
179 9
180 0
181 1
182 2
183 3
184 4
185 5
186 6
187 7
188 8
189 9
190 0
191 1
192 2
193 3
194 4
195 5
196 6
197 7
198 8
199 9
200 0
201 1
202 2
203 3
204 4
205 5
206 6
207 7
208 8
209 9
210 0
211 1
212 2
213 3
214 4
215 5
216 6
217 7
218 8
219 9
220 0
221 1
222 2
223 3
224 4
225 5
226 6
227 7
228 8
229 9
230 0
231 1
232 2
233 3
234 4
235 5
236 6
237 7
238 8
239 9
240 0
241 1
242 2
243 3
244 4
245 5
246 6
247 7
248 8
249 9
250 0
251 1
252 2
253 3
254 4
255 5
256 6
257 7
258 8
259 9
260 0
261 1
262 2
263 3
264 4
265 5
266 6
267 7
268 8
269 9
270 0
271 1
272 2
273 3
274 4
275 5
276 6
277 7
278 8
279 9
280 0
281 1
282 2
283 3
284 4
285 5
286 6
287 7
288 8
289 9
290 0
291 1
292 2
293 3
294 4
295 5
296 6
297 7
298 8
299 9
300 0
301 1
302 2
303 3
304 4
305 5
306 6
307 7
308 8
309 9
310 0
311 1
312 2
313 3
314 4
315 5
316 6
317 7
318 8
319 9
320 0
321 1
322 2
323 3
324 4
325 5
326 6
327 7
328 8
329 9
330 0
331 1
332 2
333 3
334 4
335 5
336 6
337 7
338 8
339 9
340 0
341 1
342 2
343 3
344 4
345 5
346 6
347 7
348 8
349 9
350 0
351 1
352 2
353 3
354 4
355 5
356 6
357 7
358 8
359 9
360 0
361 1
362 2
363 3
364 4
365 5
366 6
367 7
368 8
369 9
370 0
371 1
372 2
373 3
374 4
375 5
376 6
377 7
378 8
379 9
380 0
381 1
382 2
383 3
384 4
385 5
386 6
387 7
388 8
389 9
390 0
391 1
392 2
393 3
394 4
395 5
396 6
397 7
398 8
399 9
400 0
401 1
402 2
403 3
404 4
405 5
406 6
407 7
408 8
409 9
410 0
411 1
412 2
413 3
414 4
415 5
416 6
417 7
418 8
419 9
420 0
421 1
422 2
423 3
424 4
425 5
426 6
427 7
428 8
429 9
430 0
431 1
432 2
433 3
434 4
435 5
436 6
437 7
438 8
439 9
440 0
441 1
442 2
443 3
444 4
445 5
446 6
447 7
448 8
449 9
450 0
451 1
452 2
453 3
454 4
455 5
456 6
457 7
458 8
459 9
460 0
461 1
462 2
463 3
464 4
465 5
466 6
467 7
468 8
469 9
470 0
471 1
472 2
473 3
474 4
475 5
476 6
477 7
478 8
479 9
480 0
481 1
482 2
483 3
484 4
485 5
486 6
487 7
488 8
489 9
490 0
491 1
492 2
493 3
494 4
495 5
496 6
497 7
498 8
499 9
500 0
501 10
502 11
503 12
504 13
505 14
506 15
507 16
508 17
509 18
510 19
511 10
512 11
513 12
514 13
515 14
516 15
517 16
518 17
519 18
520 19
521 10
522 11
523 12
524 13
525 14
526 15
527 16
528 17
529 18
530 19
531 10
532 11
533 12
534 13
535 14
536 15
537 16
538 17
539 18
540 19
541 10
542 11
543 12
544 13
545 14
546 15
547 16
548 17
549 18
550 19
551 10
552 11
553 12
554 13
555 14
556 15
557 16
558 17
559 18
560 19
561 10
562 11
563 12
564 13
565 14
566 15
567 16
568 17
569 18
570 19
571 10
572 11
573 12
574 13
575 14
576 15
577 16
578 17
579 18
580 19
581 10
582 11
583 12
584 13
585 14
586 15
587 16
588 17
589 18
590 19
591 10
592 11
593 12
594 13
595 14
596 15
597 16
598 17
599 18
600 19
601 10
602 11
603 12
604 13
605 14
606 15
607 16
608 17
609 18
610 19
611 10
612 11
613 12
614 13
615 14
616 15
617 16
618 17
619 18
620 19
621 10
622 11
623 12
624 13
625 14
626 15
627 16
628 17
629 18
630 19
631 10
632 11
633 12
634 13
635 14
636 15
637 16
638 17
639 18
640 19
641 10
642 11
643 12
644 13
645 14
646 15
647 16
648 17
649 18
650 19
651 10
652 11
653 12
654 13
655 14
656 15
657 16
658 17
659 18
660 19
661 10
662 11
663 12
664 13
665 14
666 15
667 16
668 17
669 18
670 19
671 10
672 11
673 12
674 13
675 14
676 15
677 16
678 17
679 18
680 19
681 10
682 11
683 12
684 13
685 14
686 15
687 16
688 17
689 18
690 19
691 10
692 11
693 12
694 13
695 14
696 15
697 16
698 17
699 18
700 19
701 10
702 11
703 12
704 13
705 14
706 15
707 16
708 17
709 18
710 19
711 10
712 11
713 12
